version https://git-lfs.github.com/spec/v1
oid sha256:edef3679686f1e5b9f212e09052a4bd849b807910abba3f89793c274a192ad6d
size 1340
